1.
	102.1
	72.3
	103.6	->	130
	100.5
	165.5
	90.0
	0.0

2.
	100.2
	85.9
	103.6	->	130
	100.5
	163.8
	90.0
	0.0

3.
	97.0
	85.9
	103.6	->	130
	100.5
	161.0
	90.0
	0.0

4.
	93.9
	85.9
	103.6	->	130
	100.5
	161.0
	92.0
	0.0

5.
	90.3
	85.9
	103.6	->	130
	100.5
	161.0
	92.0
	0.0

6.
	87.8
	85.9
	103.6	->	130
	100.5
	161.0
	92.0
	0.0

7.
	85.0
	85.9
	103.6	->	130
	100.5
	161.0
	92.0
	0.0

8.
	83.5
	85.9
	103.6	->	130
	100.5
	161.0
	92.0
	0.0

9.
	78.4
	85.9
	103.6	->	130
	100.5
	161.0
	94.0
	0.0

10.
	77.7
	85.9
	103.6	->	130
	90.0
	161.0
	97.0
	0.0

11.
	76.0
	85.9
	103.6	->	130
	90.0
	161.0
	94.5
	0.0

12.
	72.0
	85.9
	103.6	->	130
	90.0
	161.0
	97.5
	0.0

13.
	69.9
	85.9
	103.6	->	130
	100.5
	161.0
	94.0
	0.0





	
